"N_LGEMA18608_Nb" "N_LGEMA18743_Nb" "N_LGEMA18752_Nm" "N_LGEMA18760_Nm" "N_LGEMA18763_Nm" "N_LGEMA18773_Nb" "N_LGEMA18810_Nm" "S_LGEMA18805_S" "S_LGEMA18851_S" "S_LGEMA18852_S" "S_MPEGT6553_S" "S_PUC4959_S"
"N_LGEMA18608_Nb" 0 0.196228044917938 0.191189173625108 0.192196947883674 0.19435646415203 0.195652173913043 0.191333141376332 0.200978980708321 0.193492657644688 0.192916786639793 0.19939533544486 0.189893463864094
"N_LGEMA18743_Nb" 0.196228044917938 0 0.1893175928592 0.190325367117766 0.18816585084941 0.191189173625108 0.182263173049237 0.202562625971782 0.194500431903254 0.197379786927728 0.199827238698532 0.189173625107976
"N_LGEMA18752_Nm" 0.191189173625108 0.1893175928592 0 0.187589979844515 0.180247624532105 0.195364238410596 0.174344946731932 0.188021883098186 0.193492657644688 0.191477109127555 0.193348689893464 0.184422689317593
"N_LGEMA18760_Nm" 0.192196947883674 0.190325367117766 0.187589979844515 0 0.178663979268644 0.195796141664267 0.182263173049237 0.193348689893464 0.195364238410596 0.187589979844515 0.185718399078606 0.189173625107976
"N_LGEMA18763_Nm" 0.19435646415203 0.18816585084941 0.180247624532105 0.178663979268644 0 0.19939533544486 0.175208753239274 0.197235819176504 0.197523754678952 0.190325367117766 0.19939533544486 0.191909012381227
"N_LGEMA18773_Nb" 0.195652173913043 0.191189173625108 0.195364238410596 0.195796141664267 0.19939533544486 0 0.193492657644688 0.195652173913043 0.20169881946444 0.20400230348402 0.199251367693637 0.191765044630003
"N_LGEMA18810_Nm" 0.191333141376332 0.182263173049237 0.174344946731932 0.182263173049237 0.175208753239274 0.193492657644688 0 0.190181399366542 0.187589979844515 0.190757270371437 0.194068528649582 0.184278721566369
"S_LGEMA18805_S" 0.200978980708321 0.202562625971782 0.188021883098186 0.193348689893464 0.197235819176504 0.195652173913043 0.190181399366542 0 0.168154333429312 0.166714655917075 0.173193204722142 0.156780881082637
"S_LGEMA18851_S" 0.193492657644688 0.194500431903254 0.193492657644688 0.195364238410596 0.197523754678952 0.20169881946444 0.187589979844515 0.168154333429312 0 0.160668010365678 0.174057011229485 0.163979268643824
"S_LGEMA18852_S" 0.192916786639793 0.197379786927728 0.191477109127555 0.187589979844515 0.190325367117766 0.20400230348402 0.190757270371437 0.166714655917075 0.160668010365678 0 0.164843075151166 0.154477397063058
"S_MPEGT6553_S" 0.19939533544486 0.199827238698532 0.193348689893464 0.185718399078606 0.19939533544486 0.199251367693637 0.194068528649582 0.173193204722142 0.174057011229485 0.164843075151166 0 0.167002591419522
"S_PUC4959_S" 0.189893463864094 0.189173625107976 0.184422689317593 0.189173625107976 0.191909012381227 0.191765044630003 0.184278721566369 0.156780881082637 0.163979268643824 0.154477397063058 0.167002591419522 0
