"N_LGEMA18744_Nb" "N_LGEMA18753_Nb" "N_LGEMA18821_Nm" "N_LGEMA18874_Nm" "N_MPEGT14967_Nb" "S_FURB13447_S" "S_FURB13869_S" "S_LGEMA18848_S" "S_MPEGT14970_S"
"N_LGEMA18744_Nb" 0 0.210177906495656 0.212453454695904 0.216383947041787 0.20707488622259 0.219900703351262 0.226727347952007 0.22217625155151 0.226520479933802
"N_LGEMA18753_Nb" 0.210177906495656 0 0.223624327678941 0.225072403806372 0.221141911460488 0.231899048407116 0.236657012825817 0.226313611915598 0.234381464625569
"N_LGEMA18821_Nm" 0.212453454695904 0.223624327678941 0 0.207488622258999 0.219693835333058 0.237484484898635 0.2405875051717 0.231071576334299 0.237484484898635
"N_LGEMA18874_Nm" 0.216383947041787 0.225072403806372 0.207488622258999 0 0.222796855606123 0.22734795200662 0.223003723624328 0.222589987587919 0.23065784029789
"N_MPEGT14967_Nb" 0.20707488622259 0.221141911460488 0.219693835333058 0.222796855606123 0 0.221348779478693 0.222796855606123 0.2170045510964 0.234174596607365
"S_FURB13447_S" 0.219900703351262 0.231899048407116 0.237484484898635 0.22734795200662 0.221348779478693 0 0.191766652875465 0.190525444766239 0.201075713694663
"S_FURB13869_S" 0.226727347952007 0.236657012825817 0.2405875051717 0.223003723624328 0.222796855606123 0.191766652875465 0 0.190318576748035 0.197145221348779
"S_LGEMA18848_S" 0.22217625155151 0.226313611915598 0.231071576334299 0.222589987587919 0.2170045510964 0.190525444766239 0.190318576748035 0 0.185146876292925
"S_MPEGT14970_S" 0.226520479933802 0.234381464625569 0.237484484898635 0.23065784029789 0.234174596607365 0.201075713694663 0.197145221348779 0.185146876292925 0
