"N_LGEMA13451_N" "N_LGEMA18528_Nm" "N_LGEMA18792_Nb" "N_LGEMA18811_Nm" "N_LGEMA18812_Nm" "N_LGEMA19534_Nm" "S_LGEMA17991_S" "S_LGEMA18828_S" "S_LGEMA18836_S" "S_MPEGT14958_S"
"N_LGEMA13451_N" 0 0.213282247765006 0.204342273307791 0.207322264793529 0.214133673903789 0.203490847169008 0.228820774797786 0.233716475095785 0.232013622818221 0.235206470838655
"N_LGEMA18528_Nm" 0.213282247765006 0 0.203916560238399 0.212856534695615 0.217113665389527 0.205619412515964 0.224137931034483 0.227756492124308 0.229033631332482 0.228820774797786
"N_LGEMA18792_Nb" 0.204342273307791 0.203916560238399 0 0.200085142613878 0.206896551724138 0.202213707960834 0.215623669646658 0.223073648361005 0.220093656875266 0.229672200936569
"N_LGEMA18811_Nm" 0.207322264793529 0.212856534695615 0.200085142613878 0 0.200510855683269 0.195828011919966 0.2232865048957 0.228607918263091 0.228607918263091 0.230523627075351
"N_LGEMA18812_Nm" 0.214133673903789 0.217113665389527 0.206896551724138 0.200510855683269 0 0.206470838654747 0.224989357173265 0.233716475095785 0.234142188165177 0.231800766283525
"N_LGEMA19534_Nm" 0.203490847169008 0.205619412515964 0.202213707960834 0.195828011919966 0.206470838654747 0 0.213920817369093 0.214133673903789 0.218390804597701 0.220732226479353
"S_LGEMA17991_S" 0.228820774797786 0.224137931034483 0.215623669646658 0.2232865048957 0.224989357173265 0.213920817369093 0 0.128352490421456 0.1262239250745 0.142613878246062
"S_LGEMA18828_S" 0.233716475095785 0.227756492124308 0.223073648361005 0.228607918263091 0.233716475095785 0.214133673903789 0.128352490421456 0 0.12813963388676 0.144955300127714
"S_LGEMA18836_S" 0.232013622818221 0.229033631332482 0.220093656875266 0.228607918263091 0.234142188165177 0.218390804597701 0.1262239250745 0.12813963388676 0 0.141549595572584
"S_MPEGT14958_S" 0.235206470838655 0.228820774797786 0.229672200936569 0.230523627075351 0.231800766283525 0.220732226479353 0.142613878246062 0.144955300127714 0.141549595572584 0
