"N_LGEMA18748_Nb" "N_LGEMA19547_Nm" "N_LGEMA19549_Nm" "N_LGEMA2450_Nb" "S_FURB13872_S" "S_LGEMA15074_S" "S_LGEMA18520_S" "S_LGEMA18561_S" "S_LGEMA18834_S" "S_LGEMA2194_S" "S_MPEGT14981_S"
"N_LGEMA18748_Nb" 0 0.198023594300598 0.203385935345488 0.189597058372913 0.187758541443236 0.186992492722537 0.189443848628773 0.186839282978397 0.191358970430519 0.191895204535008 0.187069097594607
"N_LGEMA19547_Nm" 0.198023594300598 0 0.201317603799602 0.187988356059445 0.189520453500843 0.189367243756703 0.192584648383637 0.186762678106328 0.189750268117052 0.194882794545733 0.187758541443236
"N_LGEMA19549_Nm" 0.203385935345488 0.201317603799602 0 0.191358970430519 0.18523058066493 0.184311322200092 0.188141565803585 0.184158112455952 0.192048414279148 0.1908993411981 0.186226444001839
"N_LGEMA2450_Nb" 0.189597058372913 0.187988356059445 0.191358970430519 0 0.16316837750881 0.166538991879884 0.165006894438486 0.165619733415045 0.167534855216792 0.166845411368163 0.163398192125019
"S_FURB13872_S" 0.187758541443236 0.189520453500843 0.18523058066493 0.16316837750881 0 0.15749961697564 0.143251110770645 0.144936417956182 0.13459476022675 0.135284204075379 0.126168224299065
"S_LGEMA15074_S" 0.186992492722537 0.189367243756703 0.184311322200092 0.166538991879884 0.15749961697564 0 0.16301516776467 0.159338133905316 0.16860732342577 0.167305040600582 0.160640416730504
"S_LGEMA18520_S" 0.189443848628773 0.192584648383637 0.188141565803585 0.165006894438486 0.143251110770645 0.16301516776467 0 0.145549256932741 0.150375363873142 0.150451968745212 0.145319442316531
"S_LGEMA18561_S" 0.186839282978397 0.186762678106328 0.184158112455952 0.165619733415045 0.144936417956182 0.159338133905316 0.145549256932741 0 0.151294622337981 0.149532710280374 0.146391910525509
"S_LGEMA18834_S" 0.191358970430519 0.189750268117052 0.192048414279148 0.167534855216792 0.13459476022675 0.16860732342577 0.150375363873142 0.151294622337981 0 0.136126857668148 0.136969511260916
"S_LGEMA2194_S" 0.191895204535008 0.194882794545733 0.1908993411981 0.166845411368163 0.135284204075379 0.167305040600582 0.150451968745212 0.149532710280374 0.136126857668148 0 0.136739696644707
"S_MPEGT14981_S" 0.187069097594607 0.187758541443236 0.186226444001839 0.163398192125019 0.126168224299065 0.160640416730504 0.145319442316531 0.146391910525509 0.136969511260916 0.136739696644707 0
