"N_LGEMA18755_Nb" "N_LGEMA18764_Nm" "N_LGEMA18781_Nb" "N_LGEMA18784_Nb" "N_LGEMA18807_Nm" "N_LGEMA18816_Nm" "N_LGEMA18873_Nm" "S_FURB13450_S" "S_FURB13928_S" "S_LGEMA18423_S" "S_LGEMA18424_S" "S_LGEMA18592_S"
"N_LGEMA18755_Nb" 0 0.170293797606094 0.169532100108814 0.170674646354733 0.171218715995647 0.172878128400435 0.173449401523395 0.16607725788901 0.166403699673558 0.173503808487486 0.170212187159956 0.171490750816104
"N_LGEMA18764_Nm" 0.170293797606094 0 0.169151251360174 0.169586507072905 0.171653971708379 0.173367791077258 0.173503808487486 0.164064200217628 0.16531556039173 0.166866158868335 0.168743199129489 0.171490750816104
"N_LGEMA18781_Nb" 0.169532100108814 0.169151251360174 0 0.169096844396083 0.1689880304679 0.170701849836779 0.170239390642002 0.164499455930359 0.164825897714908 0.169532100108814 0.16879760609358 0.169096844396083
"N_LGEMA18784_Nb" 0.170674646354733 0.169586507072905 0.169096844396083 0 0.169532100108814 0.170212187159956 0.170511425462459 0.165424374319913 0.165642002176279 0.16936887921654 0.168362350380849 0.169858541893362
"N_LGEMA18807_Nm" 0.171218715995647 0.171653971708379 0.1689880304679 0.169532100108814 0 0.172878128400435 0.169640914036997 0.166349292709467 0.167872687704026 0.170892274211099 0.169885745375408 0.170837867247008
"N_LGEMA18816_Nm" 0.172878128400435 0.173367791077258 0.170701849836779 0.170212187159956 0.172878128400435 0 0.173422198041349 0.170620239390642 0.170565832426551 0.171300326441785 0.171599564744287 0.169722524483134
"N_LGEMA18873_Nm" 0.173449401523395 0.173503808487486 0.170239390642002 0.170511425462459 0.169640914036997 0.173422198041349 0 0.166566920565832 0.168634385201306 0.170457018498368 0.171191512513602 0.171218715995647
"S_FURB13450_S" 0.16607725788901 0.164064200217628 0.164499455930359 0.165424374319913 0.166349292709467 0.170620239390642 0.166566920565832 0 0.160174102285092 0.164118607181719 0.162622415669206 0.167110990206746
"S_FURB13928_S" 0.166403699673558 0.16531556039173 0.164825897714908 0.165642002176279 0.167872687704026 0.170565832426551 0.168634385201306 0.160174102285092 0 0.162431991294886 0.164363438520131 0.164989118607182
"S_LGEMA18423_S" 0.173503808487486 0.166866158868335 0.169532100108814 0.16936887921654 0.170892274211099 0.171300326441785 0.170457018498368 0.164118607181719 0.162431991294886 0 0.165043525571273 0.167247007616975
"S_LGEMA18424_S" 0.170212187159956 0.168743199129489 0.16879760609358 0.168362350380849 0.169885745375408 0.171599564744287 0.171191512513602 0.162622415669206 0.164363438520131 0.165043525571273 0 0.167002176278564
"S_LGEMA18592_S" 0.171490750816104 0.171490750816104 0.169096844396083 0.169858541893362 0.170837867247008 0.169722524483134 0.171218715995647 0.167110990206746 0.164989118607182 0.167247007616975 0.167002176278564 0
