"N_LGEMA18507_Nb" "N_LGEMA18628_Nb" "N_LGEMA18795_Nb" "N_LGEMA18817_Nm" "N_LGEMA19537_Nm" "N_LGEMA19546_Nm" "S_LGEMA18386_S" "S_LGEMA18387_S" "S_LGEMA18527_S" "S_LGEMA18529_S" "S_PUC5452_S"
"N_LGEMA18507_Nb" 0 0.162511542012927 0.159972299168975 0.181094182825485 0.190558633425669 0.177400738688827 0.184095106186519 0.184441366574331 0.179939981532779 0.185480147737765 0.182710064635272
"N_LGEMA18628_Nb" 0.162511542012927 0 0.167820867959372 0.183864265927978 0.195867959372114 0.176015697137581 0.18640350877193 0.183518005540166 0.180863342566944 0.182479224376731 0.181094182825485
"N_LGEMA18795_Nb" 0.159972299168975 0.167820867959372 0 0.188942751615882 0.190096952908587 0.181555863342567 0.185249307479224 0.189289012003693 0.184787626962142 0.191481994459834 0.185249307479224
"N_LGEMA18817_Nm" 0.181094182825485 0.183864265927978 0.188942751615882 0 0.18213296398892 0.170129270544783 0.193444136657433 0.190096952908587 0.186749769159741 0.192059095106187 0.186749769159741
"N_LGEMA19537_Nm" 0.190558633425669 0.195867959372114 0.190096952908587 0.18213296398892 0 0.177516158818098 0.197599261311173 0.198638042474608 0.1865189289012 0.195521698984303 0.191828254847645
"N_LGEMA19546_Nm" 0.177400738688827 0.176015697137581 0.181555863342567 0.170129270544783 0.177516158818098 0 0.188365650969529 0.184787626962142 0.181440443213296 0.186980609418283 0.180978762696214
"S_LGEMA18386_S" 0.184095106186519 0.18640350877193 0.185249307479224 0.193444136657433 0.197599261311173 0.188365650969529 0 0.151084949215143 0.144275161588181 0.150738688827331 0.16735918744229
"S_LGEMA18387_S" 0.184441366574331 0.183518005540166 0.189289012003693 0.190096952908587 0.198638042474608 0.184787626962142 0.151084949215143 0 0.138157894736842 0.152931671283472 0.166089566020314
"S_LGEMA18527_S" 0.179939981532779 0.180863342566944 0.184787626962142 0.186749769159741 0.1865189289012 0.181440443213296 0.144275161588181 0.138157894736842 0 0.143351800554017 0.162742382271468
"S_LGEMA18529_S" 0.185480147737765 0.182479224376731 0.191481994459834 0.192059095106187 0.195521698984303 0.186980609418283 0.150738688827331 0.152931671283472 0.143351800554017 0 0.165743305632502
"S_PUC5452_S" 0.182710064635272 0.181094182825485 0.185249307479224 0.186749769159741 0.191828254847645 0.180978762696214 0.16735918744229 0.166089566020314 0.162742382271468 0.165743305632502 0
