"N_LGEMA14716_Nb" "N_LGEMA14717_Nb" "N_LGEMA15754_Nb" "N_LGEMA15780_Nb" "N_LGEMA17784_Nm" "N_LGEMA18138_Nm" "N_LGEMA18479_Nm" "N_LGEMA18672_Nm" "S_LGEMA13417_S" "S_LGEMA15766_S" "S_LGEMA15778_S" "S_LGEMA18142_S" "S_LGEMA18394_S" "S_LGEMA18483_S"
"N_LGEMA14716_Nb" 0 0.14116724738676 0.141271777003484 0.142247386759582 0.144965156794425 0.142560975609756 0.146602787456446 0.143048780487805 0.233867595818815 0.235592334494774 0.234459930313589 0.236341463414634 0.233763066202091 0.232090592334495
"N_LGEMA14717_Nb" 0.14116724738676 0 0.139512195121951 0.140243902439024 0.144529616724739 0.141498257839721 0.143797909407666 0.144494773519164 0.233745644599303 0.235400696864111 0.234372822299652 0.237473867595819 0.233919860627178 0.232038327526132
"N_LGEMA15754_Nb" 0.141271777003484 0.139512195121951 0 0.141567944250871 0.142613240418118 0.141707317073171 0.146376306620209 0.143658536585366 0.234059233449477 0.233867595818815 0.232665505226481 0.234198606271777 0.231515679442509 0.231236933797909
"N_LGEMA15780_Nb" 0.142247386759582 0.140243902439024 0.141567944250871 0 0.144947735191638 0.142264808362369 0.144878048780488 0.14390243902439 0.234128919860627 0.234912891986063 0.233222996515679 0.236358885017422 0.23287456445993 0.23088850174216
"N_LGEMA17784_Nm" 0.144965156794425 0.144529616724739 0.142613240418118 0.144947735191638 0 0.139825783972125 0.133763066202091 0.140522648083624 0.237369337979094 0.23801393728223 0.236045296167247 0.237996515679443 0.235104529616725 0.233432055749129
"N_LGEMA18138_Nm" 0.142560975609756 0.141498257839721 0.141707317073171 0.142264808362369 0.139825783972125 0 0.140731707317073 0.139547038327526 0.231968641114983 0.232404181184669 0.232142857142857 0.232979094076655 0.231411149825784 0.229216027874564
"N_LGEMA18479_Nm" 0.146602787456446 0.143797909407666 0.146376306620209 0.144878048780488 0.133763066202091 0.140731707317073 0 0.141254355400697 0.235418118466899 0.235296167247387 0.234825783972125 0.237648083623693 0.234303135888502 0.232247386759582
"N_LGEMA18672_Nm" 0.143048780487805 0.144494773519164 0.143658536585366 0.14390243902439 0.140522648083624 0.139547038327526 0.141254355400697 0 0.233989547038328 0.235400696864111 0.234895470383275 0.236707317073171 0.233327526132404 0.231968641114983
"S_LGEMA13417_S" 0.233867595818815 0.233745644599303 0.234059233449477 0.234128919860627 0.237369337979094 0.231968641114983 0.235418118466899 0.233989547038328 0 0.144686411149826 0.145644599303136 0.14780487804878 0.14787456445993 0.147595818815331
"S_LGEMA15766_S" 0.235592334494774 0.235400696864111 0.233867595818815 0.234912891986063 0.23801393728223 0.232404181184669 0.235296167247387 0.235400696864111 0.144686411149826 0 0.146393728222997 0.148031358885017 0.147891986062718 0.146777003484321
"S_LGEMA15778_S" 0.234459930313589 0.234372822299652 0.232665505226481 0.233222996515679 0.236045296167247 0.232142857142857 0.234825783972125 0.234895470383275 0.145644599303136 0.146393728222997 0 0.149686411149826 0.14780487804878 0.145261324041812
"S_LGEMA18142_S" 0.236341463414634 0.237473867595819 0.234198606271777 0.236358885017422 0.237996515679443 0.232979094076655 0.237648083623693 0.236707317073171 0.14780487804878 0.148031358885017 0.149686411149826 0 0.146689895470383 0.14609756097561
"S_LGEMA18394_S" 0.233763066202091 0.233919860627178 0.231515679442509 0.23287456445993 0.235104529616725 0.231411149825784 0.234303135888502 0.233327526132404 0.14787456445993 0.147891986062718 0.14780487804878 0.146689895470383 0 0.146202090592334
"S_LGEMA18483_S" 0.232090592334495 0.232038327526132 0.231236933797909 0.23088850174216 0.233432055749129 0.229216027874564 0.232247386759582 0.231968641114983 0.147595818815331 0.146777003484321 0.145261324041812 0.14609756097561 0.146202090592334 0
