"N_LGEMA18391_Nm" "N_LGEMA18393_Nm" "N_LGEMA18395_Nm" "N_LGEMA18399_Nm" "N_LGEMA18410_Nb" "N_LGEMA18482_Nb" "S_LGEMA18421_S" "S_LGEMA18447_S" "S_LGEMA18459_S" "S_LGEMA18470_S" "S_LGEMA18514_S" "S_LGEMA18670_S"
"N_LGEMA18391_Nm" 0 0.138278997560435 0.139166112220004 0.141273009536483 0.149811488134841 0.145265025504546 0.150920381459304 0.150033266799734 0.155799512086937 0.152029274783766 0.16012419605234 0.15014415613218
"N_LGEMA18393_Nm" 0.138278997560435 0 0.135950321579064 0.140496784209359 0.148813484142825 0.143158128188068 0.154801508094921 0.149035262807718 0.154136172100244 0.152805500110889 0.159569749390109 0.15513417609226
"N_LGEMA18395_Nm" 0.139166112220004 0.135950321579064 0 0.141383898868929 0.15014415613218 0.144710578842315 0.1583499667332 0.153027278775782 0.157019294743846 0.154579729430029 0.160456864049678 0.156686626746507
"N_LGEMA18399_Nm" 0.141273009536483 0.140496784209359 0.141383898868929 0 0.150033266799734 0.144821468174762 0.155355954757152 0.153803504102905 0.158460856065646 0.150920381459304 0.156575737414061 0.152140164116212
"N_LGEMA18410_Nb" 0.149811488134841 0.148813484142825 0.15014415613218 0.150033266799734 0 0.134508760257263 0.161233089376802 0.160789532047017 0.16744289199379 0.162785540031049 0.166666666666667 0.16333998669328
"N_LGEMA18482_Nb" 0.145265025504546 0.143158128188068 0.144710578842315 0.144821468174762 0.134508760257263 0 0.154025282767798 0.152694610778443 0.156243069416722 0.15424706143269 0.157019294743846 0.153914393435352
"S_LGEMA18421_S" 0.150920381459304 0.154801508094921 0.1583499667332 0.155355954757152 0.161233089376802 0.154025282767798 0 0.152361942781104 0.153914393435352 0.153249057440674 0.158904413395431 0.156908405411399
"S_LGEMA18447_S" 0.150033266799734 0.149035262807718 0.153027278775782 0.153803504102905 0.160789532047017 0.152694610778443 0.152361942781104 0 0.152361942781104 0.151474828121535 0.157351962741184 0.15335994677312
"S_LGEMA18459_S" 0.155799512086937 0.154136172100244 0.157019294743846 0.158460856065646 0.16744289199379 0.156243069416722 0.153914393435352 0.152361942781104 0 0.153249057440674 0.162674650698603 0.152251053448658
"S_LGEMA18470_S" 0.152029274783766 0.152805500110889 0.154579729430029 0.150920381459304 0.162785540031049 0.15424706143269 0.153249057440674 0.151474828121535 0.153249057440674 0 0.156243069416722 0.152916389443336
"S_LGEMA18514_S" 0.16012419605234 0.159569749390109 0.160456864049678 0.156575737414061 0.166666666666667 0.157019294743846 0.158904413395431 0.157351962741184 0.162674650698603 0.156243069416722 0 0.157684630738523
"S_LGEMA18670_S" 0.15014415613218 0.15513417609226 0.156686626746507 0.152140164116212 0.16333998669328 0.153914393435352 0.156908405411399 0.15335994677312 0.152251053448658 0.152916389443336 0.157684630738523 0
