"N_LGEMA13690_Nb" "N_LGEMA18797_Nb" "S_LGEMA17997_S" "S_LGEMA18847_S" "S_LGEMA18856_S" "S_LGEMA18864_S" "S_MPEGT6547_S"
"N_LGEMA13690_Nb" 0 0.239010989010989 0.284340659340659 0.27967032967033 0.286263736263736 0.283241758241758 0.286813186813187
"N_LGEMA18797_Nb" 0.239010989010989 0 0.288186813186813 0.282967032967033 0.293956043956044 0.281043956043956 0.283516483516484
"S_LGEMA17997_S" 0.284340659340659 0.288186813186813 0 0.190384615384615 0.21510989010989 0.22032967032967 0.20521978021978
"S_LGEMA18847_S" 0.27967032967033 0.282967032967033 0.190384615384615 0 0.207692307692308 0.214010989010989 0.207692307692308
"S_LGEMA18856_S" 0.286263736263736 0.293956043956044 0.21510989010989 0.207692307692308 0 0.231043956043956 0.218681318681319
"S_LGEMA18864_S" 0.283241758241758 0.281043956043956 0.22032967032967 0.214010989010989 0.231043956043956 0 0.208516483516484
"S_MPEGT6547_S" 0.286813186813187 0.283516483516484 0.20521978021978 0.207692307692308 0.218681318681319 0.208516483516484 0
