"N_LGEMA10381_N" "N_LGEMA18775_Nb" "N_LGEMA18776_Nb" "N_LGEMA18814_Nm" "N_LGEMA19540_Nm" "N_LGEMA19543_Nm" "S_FURB13885_S" "S_LGEMA18826_S" "S_LGEMA18827_S" "S_LGEMA18859_S"
"N_LGEMA10381_N" 0 0.185810529817849 0.183980703651335 0.180612160026616 0.175372203277052 0.176453464193629 0.199991682608334 0.197039008566913 0.197662812941861 0.200116443483324
"N_LGEMA18775_Nb" 0.185810529817849 0 0.172003659652333 0.187182899442735 0.184271812359644 0.178615986026782 0.197829160775181 0.197371704233552 0.198494552108459 0.20136405223322
"N_LGEMA18776_Nb" 0.183980703651335 0.172003659652333 0 0.186434334192797 0.182192464443151 0.181028029609914 0.199742160858355 0.197371704233552 0.199243117358396 0.199118356483407
"N_LGEMA18814_Nm" 0.180612160026616 0.187182899442735 0.186434334192797 0 0.174914746735424 0.176495051151959 0.199284704316726 0.197246943358563 0.196539965066955 0.198660899941778
"N_LGEMA19540_Nm" 0.175372203277052 0.184271812359644 0.182192464443151 0.174914746735424 0 0.169425268235881 0.193046660567246 0.191092073525742 0.187806703817683 0.194419030192132
"N_LGEMA19543_Nm" 0.176453464193629 0.178615986026782 0.181028029609914 0.176495051151959 0.169425268235881 0 0.192464443150628 0.194751725858771 0.193046660567246 0.196914247691924
"S_FURB13885_S" 0.199991682608334 0.197829160775181 0.199742160858355 0.199284704316726 0.193046660567246 0.192464443150628 0 0.17928137736006 0.177659485985195 0.18227563835981
"S_LGEMA18826_S" 0.197039008566913 0.197371704233552 0.197371704233552 0.197246943358563 0.191092073525742 0.194751725858771 0.17928137736006 0 0.165890376777842 0.181568660068203
"S_LGEMA18827_S" 0.197662812941861 0.198494552108459 0.199243117358396 0.196539965066955 0.187806703817683 0.193046660567246 0.177659485985195 0.165890376777842 0 0.17911502952674
"S_LGEMA18859_S" 0.200116443483324 0.20136405223322 0.199118356483407 0.198660899941778 0.194419030192132 0.196914247691924 0.18227563835981 0.181568660068203 0.17911502952674 0
