"N_LGEMA19548_Nm" "N_LGEMA2573_Nb" "S_FURB25287_S" "S_MPEGT14969_S" "S_MPEGT15001_S" "S_PUC5295_S"
"N_LGEMA19548_Nm" 0 0.21119150988905 0.215726000964785 0.213989387361312 0.213217559093102 0.213362276893391
"N_LGEMA2573_Nb" 0.21119150988905 0 0.207235890014472 0.205306319343946 0.20598166907863 0.206029908345393
"S_FURB25287_S" 0.215726000964785 0.207235890014472 0 0.211673902556681 0.208876025084419 0.213072841292812
"S_MPEGT14969_S" 0.213989387361312 0.205306319343946 0.211673902556681 0 0.209165460684998 0.214327062228654
"S_MPEGT15001_S" 0.213217559093102 0.20598166907863 0.208876025084419 0.209165460684998 0 0.212011577424023
"S_PUC5295_S" 0.213362276893391 0.206029908345393 0.213072841292812 0.214327062228654 0.212011577424023 0
