"N_LGEMA18749_Nb" "N_LGEMA18750_Nb" "N_LGEMA18751_Nb" "N_LGEMA18788_Nb" "N_LGEMA18813_Nm" "N_LGEMA18845_Nm" "N_LGEMA19528_Nm" "N_LGEMA19532_Nm" "S_FURB10148_S" "S_FURB13850_S" "S_LGEMA18155_S" "S_LGEMA18385_S" "S_PUC4973_S"
"N_LGEMA18749_Nb" 0 0.172855664454861 0.171485968223047 0.168472636513058 0.183234918122603 0.186096061362391 0.185548182869666 0.186583064467036 0.194040299506909 0.195562184208924 0.194892554940038 0.18798319839289 0.194283801059232
"N_LGEMA18750_Nb" 0.172855664454861 0 0.104188226699945 0.175381993060206 0.189109393072381 0.188318013027333 0.190813903938638 0.190509526998235 0.199853899068607 0.200949656054057 0.200584403725574 0.19714494429902 0.20015827600901
"N_LGEMA18751_Nb" 0.171485968223047 0.104188226699945 0 0.172186035185974 0.187739696840567 0.187130942959761 0.189687709259147 0.190479089304194 0.200553966031533 0.202928106166677 0.20225847689779 0.195288244962562 0.200310464479211
"N_LGEMA18788_Nb" 0.168472636513058 0.175381993060206 0.172186035185974 0 0.183995860473611 0.187222256041882 0.186065623668351 0.187344006818043 0.196201375783771 0.197236257381141 0.192974980215499 0.190935654714799 0.198088512814269
"N_LGEMA18813_Nm" 0.183234918122603 0.189109393072381 0.187739696840567 0.183995860473611 0 0.147501065319291 0.149814330066354 0.147440189931211 0.199032081329518 0.199336458269921 0.195257807268521 0.19309673099166 0.197266695075181
"N_LGEMA18845_Nm" 0.186096061362391 0.188318013027333 0.187130942959761 0.187222256041882 0.147501065319291 0 0.147196688378888 0.151518840932611 0.197692822791745 0.198423327448712 0.193614171790345 0.192305350946612 0.197327570463262
"N_LGEMA19528_Nm" 0.185548182869666 0.190813903938638 0.189687709259147 0.186065623668351 0.149814330066354 0.147196688378888 0 0.15042308394716 0.199397333658002 0.199519084434163 0.198545078224874 0.19413161258903 0.200066962926889
"N_LGEMA19532_Nm" 0.186583064467036 0.190509526998235 0.190479089304194 0.187344006818043 0.147440189931211 0.151518840932611 0.15042308394716 0 0.201954099957387 0.200980093748098 0.196718816582456 0.19717538199306 0.201284470688501
"S_FURB10148_S" 0.194040299506909 0.199853899068607 0.200553966031533 0.196201375783771 0.199032081329518 0.197692822791745 0.199397333658002 0.201954099957387 0 0.148170694588178 0.156814999695623 0.153984294149875 0.144822548243745
"S_FURB13850_S" 0.195562184208924 0.200949656054057 0.202928106166677 0.197236257381141 0.199336458269921 0.198423327448712 0.199519084434163 0.200980093748098 0.148170694588178 0 0.161745906130152 0.160376209898338 0.150118707006757
"S_LGEMA18155_S" 0.194892554940038 0.200584403725574 0.20225847689779 0.192974980215499 0.195257807268521 0.193614171790345 0.198545078224874 0.196718816582456 0.156814999695623 0.161745906130152 0 0.141504839593352 0.157606379740671
"S_LGEMA18385_S" 0.18798319839289 0.19714494429902 0.195288244962562 0.190935654714799 0.19309673099166 0.192305350946612 0.19413161258903 0.19717538199306 0.153984294149875 0.160376209898338 0.141504839593352 0 0.159219577524807
"S_PUC4973_S" 0.194283801059232 0.20015827600901 0.200310464479211 0.198088512814269 0.197266695075181 0.197327570463262 0.200066962926889 0.201284470688501 0.144822548243745 0.150118707006757 0.157606379740671 0.159219577524807 0
