"N_LGEMA18636_Nb" "N_LGEMA18794_Nb" "N_LGEMA18802_Nb" "N_LGEMA19531_Nm" "N_LGEMA19539_Nm" "N_LGEMA19541_Nm" "S_LGEMA18425_S" "S_LGEMA18517_S" "S_LGEMA18547_S" "S_LGEMA18576_S" "S_LGEMA18590_S" "S_LGEMA18668_S"
"N_LGEMA18636_Nb" 0 0.161549981280419 0.17109696742793 0.166604268064395 0.173530512916511 0.185698240359416 0.171845750655185 0.169786596780232 0.162298764507675 0.169973792587046 0.186447023586672 0.164545114189442
"N_LGEMA18794_Nb" 0.161549981280419 0 0.157431673530513 0.157431673530513 0.170722575814302 0.179520778734556 0.166791463871209 0.166229876450768 0.150505428678398 0.167540247098465 0.181018345189068 0.16061400224635
"N_LGEMA18802_Nb" 0.17109696742793 0.157431673530513 0 0.15874204417821 0.16491950580307 0.177461624859603 0.170722575814302 0.161924372894047 0.158554848371396 0.162111568700861 0.180456757768626 0.162298764507675
"N_LGEMA19531_Nm" 0.166604268064395 0.157431673530513 0.15874204417821 0 0.160426806439536 0.17446649195058 0.162860351928117 0.164545114189442 0.146948708348933 0.156495694496443 0.183077499064021 0.156308498689629
"N_LGEMA19539_Nm" 0.173530512916511 0.170722575814302 0.16491950580307 0.160426806439536 0 0.178023212280045 0.172781729689255 0.162485960314489 0.159865219019094 0.166042680643954 0.177274429052789 0.163609135155373
"N_LGEMA19541_Nm" 0.185698240359416 0.179520778734556 0.177461624859603 0.17446649195058 0.178023212280045 0 0.189442156495694 0.182515911643579 0.172032946461999 0.18157993260951 0.168850617746162 0.176900037439161
"S_LGEMA18425_S" 0.171845750655185 0.166791463871209 0.170722575814302 0.162860351928117 0.172781729689255 0.189442156495694 0 0.165293897416698 0.141332834144515 0.162111568700861 0.174840883564208 0.15443654062149
"S_LGEMA18517_S" 0.169786596780232 0.166229876450768 0.161924372894047 0.164545114189442 0.162485960314489 0.182515911643579 0.165293897416698 0 0.152751778360165 0.154810932235118 0.166042680643954 0.146012729314863
"S_LGEMA18547_S" 0.162298764507675 0.150505428678398 0.158554848371396 0.146948708348933 0.159865219019094 0.172032946461999 0.141332834144515 0.152751778360165 0 0.14395357543991 0.162298764507675 0.131037064769749
"S_LGEMA18576_S" 0.169973792587046 0.167540247098465 0.162111568700861 0.156495694496443 0.166042680643954 0.18157993260951 0.162111568700861 0.154810932235118 0.14395357543991 0 0.158367652564583 0.147697491576189
"S_LGEMA18590_S" 0.186447023586672 0.181018345189068 0.180456757768626 0.183077499064021 0.177274429052789 0.168850617746162 0.174840883564208 0.166042680643954 0.162298764507675 0.158367652564583 0 0.164545114189442
"S_LGEMA18668_S" 0.164545114189442 0.16061400224635 0.162298764507675 0.156308498689629 0.163609135155373 0.176900037439161 0.15443654062149 0.146012729314863 0.131037064769749 0.147697491576189 0.164545114189442 0
