"N_LGEMA18516_Nc" "N_LGEMA18767_Nm" "N_LGEMA18768_Nm" "N_LGEMA18772_Nb" "N_LGEMA18779_Nb" "N_LGEMA18791_Nb" "N_LGEMA18798_Nb" "N_LGEMA18815_Nm" "S_LGEMA10381_S" "S_LGEMA18523_S" "S_LGEMA18601_S" "S_LGEMA18831_S" "S_LGEMA2129_S" "S_LGEMA2155_S" "S_MPEGT14960_S" "S_PUC596_S"
"N_LGEMA18516_Nc" 0 0.143796802266748 0.141772920461445 0.138433515482696 0.150475612224246 0.141368144100385 0.148957700870269 0.148046954057883 0.139040680024287 0.136409633677393 0.141570532280915 0.139647844565877 0.139951426836673 0.139546650475612 0.138332321392431 0.140153815017203
"N_LGEMA18767_Nm" 0.143796802266748 0 0.140862173649059 0.143999190447278 0.144302772718073 0.145314713620725 0.148654118599474 0.146731430884436 0.146832624974701 0.146832624974701 0.151183970856102 0.147439789516292 0.147743371787088 0.147338595426027 0.143290831815422 0.144100384537543
"N_LGEMA18768_Nm" 0.141772920461445 0.140862173649059 0 0.141368144100385 0.149160089050799 0.145314713620725 0.149666059502125 0.142278890912771 0.141570532280915 0.14602307225258 0.14936247723133 0.144606354988869 0.149160089050799 0.145921878162315 0.147338595426027 0.146326654523376
"N_LGEMA18772_Nb" 0.138433515482696 0.143999190447278 0.141368144100385 0 0.143999190447278 0.136713215948189 0.135195304594212 0.143392025905687 0.139243068204817 0.137826350941105 0.141368144100385 0.143695608176482 0.143392025905687 0.139141874114552 0.139141874114552 0.138737097753491
"N_LGEMA18779_Nb" 0.150475612224246 0.144302772718073 0.149160089050799 0.143999190447278 0 0.140052620926938 0.147844565877353 0.150779194495041 0.152094717668488 0.149868447682655 0.151993523578223 0.149463671321595 0.152195911758753 0.150374418133981 0.146933819064967 0.147540983606557
"N_LGEMA18791_Nb" 0.141368144100385 0.145314713620725 0.145314713620725 0.136713215948189 0.140052620926938 0 0.141368144100385 0.142683667273831 0.141975308641975 0.140356203197733 0.145314713620725 0.144808743169399 0.145719489981785 0.142886055454361 0.143088443634892 0.141064561829589
"N_LGEMA18798_Nb" 0.148957700870269 0.148654118599474 0.149666059502125 0.135195304594212 0.147844565877353 0.141368144100385 0 0.150880388585307 0.145314713620725 0.144909937259664 0.149463671321595 0.146933819064967 0.149463671321595 0.148046954057883 0.144808743169399 0.143999190447278
"N_LGEMA18815_Nm" 0.148046954057883 0.146731430884436 0.142278890912771 0.143392025905687 0.150779194495041 0.142683667273831 0.150880388585307 0 0.146427848613641 0.142380085003036 0.147540983606557 0.141368144100385 0.14996964177292 0.145719489981785 0.142886055454361 0.146731430884436
"S_LGEMA10381_S" 0.139040680024287 0.146832624974701 0.141570532280915 0.139243068204817 0.152094717668488 0.141975308641975 0.145314713620725 0.146427848613641 0 0.129528435539364 0.130641570532281 0.122849625581866 0.126998583282736 0.128212912365918 0.120926937866829 0.122748431491601
"S_LGEMA18523_S" 0.136409633677393 0.146832624974701 0.14602307225258 0.137826350941105 0.149868447682655 0.140356203197733 0.144909937259664 0.142380085003036 0.129528435539364 0 0.11384335154827 0.128516494636713 0.130641570532281 0.124165148755313 0.13003440599069 0.131046346893341
"S_LGEMA18601_S" 0.141570532280915 0.151183970856102 0.14936247723133 0.141368144100385 0.151993523578223 0.145314713620725 0.149463671321595 0.147540983606557 0.130641570532281 0.11384335154827 0 0.132665452337583 0.13398097551103 0.130742764622546 0.130945152803076 0.132361870066788
"S_LGEMA18831_S" 0.139647844565877 0.147439789516292 0.144606354988869 0.143695608176482 0.149463671321595 0.144808743169399 0.146933819064967 0.141368144100385 0.122849625581866 0.128516494636713 0.132665452337583 0 0.119105444242056 0.127403359643797 0.124367536935843 0.126391418741146
"S_LGEMA2129_S" 0.139951426836673 0.147743371787088 0.149160089050799 0.143392025905687 0.152195911758753 0.145719489981785 0.149463671321595 0.14996964177292 0.126998583282736 0.130641570532281 0.13398097551103 0.119105444242056 0 0.128314106456183 0.128516494636713 0.1183970856102
"S_LGEMA2155_S" 0.139546650475612 0.147338595426027 0.145921878162315 0.139141874114552 0.150374418133981 0.142886055454361 0.148046954057883 0.145719489981785 0.128212912365918 0.124165148755313 0.130742764622546 0.127403359643797 0.128314106456183 0 0.123456790123457 0.126897389192471
"S_MPEGT14960_S" 0.138332321392431 0.143290831815422 0.147338595426027 0.139141874114552 0.146933819064967 0.143088443634892 0.144808743169399 0.142886055454361 0.120926937866829 0.13003440599069 0.130945152803076 0.124367536935843 0.128516494636713 0.123456790123457 0 0.127099777373001
"S_PUC596_S" 0.140153815017203 0.144100384537543 0.146326654523376 0.138737097753491 0.147540983606557 0.141064561829589 0.143999190447278 0.146731430884436 0.122748431491601 0.131046346893341 0.132361870066788 0.126391418741146 0.1183970856102 0.126897389192471 0.127099777373001 0
