"N_LGEMA18485_Nb" "N_LGEMA18486_Nb" "N_LGEMA18652_Nb" "N_LGEMA18801_Nb" "N_LGEMA18872_Nm" "N_LGEMA19552_Nm" "N_LGEMA2428_Nm" "S_FURB13205_S" "S_LGEMA18137_S" "S_LGEMA18680_S" "S_LGEMA18863_S" "S_PUC1077_S"
"N_LGEMA18485_Nb" 0 0.0985915492957746 0.0995518565941101 0.100032010243278 0.134603072983355 0.134443021766965 0.134923175416133 0.258642765685019 0.260243277848912 0.255761843790013 0.261043533930858 0.270646606914213
"N_LGEMA18486_Nb" 0.0985915492957746 0 0.0979513444302177 0.102272727272727 0.133642765685019 0.138604353393086 0.134923175416133 0.258962868117798 0.259603072983355 0.258642765685019 0.261363636363636 0.268405889884763
"N_LGEMA18652_Nb" 0.0995518565941101 0.0979513444302177 0 0.10387323943662 0.132362355953905 0.133802816901408 0.13556338028169 0.252240717029449 0.255761843790013 0.254481434058899 0.255281690140845 0.262003841229193
"N_LGEMA18801_Nb" 0.100032010243278 0.102272727272727 0.10387323943662 0 0.13764404609475 0.139084507042254 0.135083226632522 0.259763124199744 0.2648847631242 0.260723431498079 0.263124199743918 0.270166453265045
"N_LGEMA18872_Nm" 0.134603072983355 0.133642765685019 0.132362355953905 0.13764404609475 0 0.125640204865557 0.123239436619718 0.241837387964149 0.245038412291933 0.239276568501921 0.241357234314981 0.248719590268886
"N_LGEMA19552_Nm" 0.134443021766965 0.138604353393086 0.133802816901408 0.139084507042254 0.125640204865557 0 0.126280409731114 0.239756722151088 0.244238156209987 0.241037131882202 0.241197183098592 0.249839948783611
"N_LGEMA2428_Nm" 0.134923175416133 0.134923175416133 0.13556338028169 0.135083226632522 0.123239436619718 0.126280409731114 0 0.244718309859155 0.249519846350832 0.249199743918054 0.248079385403329 0.255121638924456
"S_FURB13205_S" 0.258642765685019 0.258962868117798 0.252240717029449 0.259763124199744 0.241837387964149 0.239756722151088 0.244718309859155 0 0.166133162612036 0.177336747759283 0.164372599231754 0.17589628681178
"S_LGEMA18137_S" 0.260243277848912 0.259603072983355 0.255761843790013 0.2648847631242 0.245038412291933 0.244238156209987 0.249519846350832 0.166133162612036 0 0.167733674775928 0.16533290653009 0.174615877080666
"S_LGEMA18680_S" 0.255761843790013 0.258642765685019 0.254481434058899 0.260723431498079 0.239276568501921 0.241037131882202 0.249199743918054 0.177336747759283 0.167733674775928 0 0.173335467349552 0.170134443021767
"S_LGEMA18863_S" 0.261043533930858 0.261363636363636 0.255281690140845 0.263124199743918 0.241357234314981 0.241197183098592 0.248079385403329 0.164372599231754 0.16533290653009 0.173335467349552 0 0.173495518565941
"S_PUC1077_S" 0.270646606914213 0.268405889884763 0.262003841229193 0.270166453265045 0.248719590268886 0.249839948783611 0.255121638924456 0.17589628681178 0.174615877080666 0.170134443021767 0.173495518565941 0
