"N_LGEMA16483_Nb" "N_LGEMA18747_Nb" "N_LGEMA18766_Nm" "N_LGEMA18844_Nm" "S_FURB13382_S" "S_FURB13842_S" "S_LGEMA17787_S" "S_LGEMA17875_S" "S_LGEMA18552_S" "S_LGEMA18560_S" "S_LGEMA18675_S" "S_LGEMA18837_S" "S_LGEMA18842_S" "S_LGEMA2176_S"
"N_LGEMA16483_Nb" 0 0.167105263157895 0.145789473684211 0.145263157894737 0.145789473684211 0.150789473684211 0.149473684210526 0.141315789473684 0.153947368421053 0.146578947368421 0.143421052631579 0.143684210526316 0.138947368421053 0.152631578947368
"N_LGEMA18747_Nb" 0.167105263157895 0 0.159736842105263 0.156578947368421 0.161315789473684 0.162631578947368 0.160263157894737 0.157894736842105 0.163684210526316 0.161578947368421 0.159473684210526 0.158684210526316 0.150789473684211 0.166578947368421
"N_LGEMA18766_Nm" 0.145789473684211 0.159736842105263 0 0.141578947368421 0.145789473684211 0.151315789473684 0.150526315789474 0.140263157894737 0.151315789473684 0.139210526315789 0.142894736842105 0.142105263157895 0.143684210526316 0.153684210526316
"N_LGEMA18844_Nm" 0.145263157894737 0.156578947368421 0.141578947368421 0 0.142631578947368 0.145526315789474 0.132631578947368 0.136578947368421 0.141842105263158 0.143421052631579 0.139210526315789 0.142105263157895 0.138947368421053 0.144736842105263
"S_FURB13382_S" 0.145789473684211 0.161315789473684 0.145789473684211 0.142631578947368 0 0.140263157894737 0.137368421052632 0.139736842105263 0.134473684210526 0.141315789473684 0.131315789473684 0.138947368421053 0.128421052631579 0.134210526315789
"S_FURB13842_S" 0.150789473684211 0.162631578947368 0.151315789473684 0.145526315789474 0.140263157894737 0 0.137105263157895 0.141578947368421 0.143157894736842 0.139473684210526 0.137368421052632 0.138684210526316 0.131842105263158 0.139736842105263
"S_LGEMA17787_S" 0.149473684210526 0.160263157894737 0.150526315789474 0.132631578947368 0.137368421052632 0.137105263157895 0 0.131842105263158 0.136052631578947 0.134473684210526 0.129210526315789 0.133157894736842 0.132631578947368 0.138421052631579
"S_LGEMA17875_S" 0.141315789473684 0.157894736842105 0.140263157894737 0.136578947368421 0.139736842105263 0.141578947368421 0.131842105263158 0 0.137894736842105 0.141578947368421 0.134736842105263 0.132894736842105 0.129736842105263 0.132894736842105
"S_LGEMA18552_S" 0.153947368421053 0.163684210526316 0.151315789473684 0.141842105263158 0.134473684210526 0.143157894736842 0.136052631578947 0.137894736842105 0 0.131578947368421 0.132631578947368 0.139736842105263 0.133947368421053 0.144473684210526
"S_LGEMA18560_S" 0.146578947368421 0.161578947368421 0.139210526315789 0.143421052631579 0.141315789473684 0.139473684210526 0.134473684210526 0.141578947368421 0.131578947368421 0 0.125789473684211 0.136052631578947 0.126578947368421 0.139210526315789
"S_LGEMA18675_S" 0.143421052631579 0.159473684210526 0.142894736842105 0.139210526315789 0.131315789473684 0.137368421052632 0.129210526315789 0.134736842105263 0.132631578947368 0.125789473684211 0 0.129736842105263 0.123421052631579 0.130263157894737
"S_LGEMA18837_S" 0.143684210526316 0.158684210526316 0.142105263157895 0.142105263157895 0.138947368421053 0.138684210526316 0.133157894736842 0.132894736842105 0.139736842105263 0.136052631578947 0.129736842105263 0 0.125263157894737 0.128421052631579
"S_LGEMA18842_S" 0.138947368421053 0.150789473684211 0.143684210526316 0.138947368421053 0.128421052631579 0.131842105263158 0.132631578947368 0.129736842105263 0.133947368421053 0.126578947368421 0.123421052631579 0.125263157894737 0 0.124210526315789
"S_LGEMA2176_S" 0.152631578947368 0.166578947368421 0.153684210526316 0.144736842105263 0.134210526315789 0.139736842105263 0.138421052631579 0.132894736842105 0.144473684210526 0.139210526315789 0.130263157894737 0.128421052631579 0.124210526315789 0
