"N_LGEMA18746_Nb" "N_LGEMA19535_Nm" "N_LGEMA19544_Nm" "N_LGEMA2690_Nb" "S_FURB13448_S" "S_LGEMA18850_S" "S_LGEMA18858_S"
"N_LGEMA18746_Nb" 0 0.244709439032583 0.231105139402083 0.242526032919046 0.244877393349009 0.252939200537454 0.237319449109842
"N_LGEMA19535_Nm" 0.244709439032583 0 0.241014444071213 0.242022169969768 0.24235807860262 0.249412159892509 0.239166946590527
"N_LGEMA19544_Nm" 0.231105139402083 0.241014444071213 0 0.238831037957676 0.243869667450453 0.252603291904602 0.236647631844138
"N_LGEMA2690_Nb" 0.242526032919046 0.242022169969768 0.238831037957676 0 0.245213301981861 0.244541484716157 0.241686261336916
"S_FURB13448_S" 0.244877393349009 0.24235807860262 0.243869667450453 0.245213301981861 0 0.238159220691972 0.228921733288546
"S_LGEMA18850_S" 0.252939200537454 0.249412159892509 0.252603291904602 0.244541484716157 0.238159220691972 0 0.244037621766879
"S_LGEMA18858_S" 0.237319449109842 0.239166946590527 0.236647631844138 0.241686261336916 0.228921733288546 0.244037621766879 0
