"N_LGEMA14718_Nb" "N_LGEMA18774_Nb" "N_LGEMA18785_Nb" "N_LGEMA18869_Nm" "N_LGEMA18870_Nm" "N_LGEMA19533_Nm" "S_LGEMA17783_S" "S_LGEMA18568_S" "S_LGEMA18569_S" "S_LGEMA2449_S"
"N_LGEMA14718_Nb" 0 0.215722120658135 0.212065813528336 0.22151127361365 0.228823887873248 0.232480195003047 0.22333942717855 0.231261425959781 0.230956733698964 0.217550274223035
"N_LGEMA18774_Nb" 0.215722120658135 0 0.213893967093236 0.231870810481414 0.216636197440585 0.231261425959781 0.226386349786715 0.229433272394881 0.23400365630713 0.238269347958562
"N_LGEMA18785_Nb" 0.212065813528336 0.213893967093236 0 0.224558196221816 0.217245581962218 0.234308348567946 0.228214503351615 0.223948811700183 0.224862888482633 0.237659963436929
"N_LGEMA18869_Nm" 0.22151127361365 0.231870810481414 0.224558196221816 0 0.196221815965874 0.214503351614869 0.244972577696527 0.226691042047532 0.240402193784278 0.239792809262645
"N_LGEMA18870_Nm" 0.228823887873248 0.216636197440585 0.217245581962218 0.196221815965874 0 0.197440585009141 0.241925655088361 0.228519195612431 0.242230347349177 0.237355271176112
"N_LGEMA19533_Nm" 0.232480195003047 0.231261425959781 0.234308348567946 0.214503351614869 0.197440585009141 0 0.240706886045094 0.23400365630713 0.248324192565509 0.253808653260207
"S_LGEMA17783_S" 0.22333942717855 0.226386349786715 0.228214503351615 0.244972577696527 0.241925655088361 0.240706886045094 0 0.216940889701402 0.223948811700183 0.229433272394881
"S_LGEMA18568_S" 0.231261425959781 0.229433272394881 0.223948811700183 0.226691042047532 0.228519195612431 0.23400365630713 0.216940889701402 0 0.0971968312004875 0.220292504570384
"S_LGEMA18569_S" 0.230956733698964 0.23400365630713 0.224862888482633 0.240402193784278 0.242230347349177 0.248324192565509 0.223948811700183 0.0971968312004875 0 0.225472273004266
"S_LGEMA2449_S" 0.217550274223035 0.238269347958562 0.237659963436929 0.239792809262645 0.237355271176112 0.253808653260207 0.229433272394881 0.220292504570384 0.225472273004266 0
